0.0 0.0
0.6 0.460063767264
1.2 1.24601687917
1.8 1.99196398725
2.4 2.6172281137
3.0 3.12064918756
3.6 3.52017791887
4.2 3.83548733066
4.8 4.08379989245
5.4 4.27924946912
6.0 4.43301126622
6.6 4.55397261472
7.2 4.64913756337
7.8 4.72400370664
8.4 4.78288510797
9.0 4.82919184237
9.6 4.86561688361
10.2 4.89427553247
10.8 4.91682562894
11.4 4.93456769565
12.0 4.94852470668
12.6 4.95950288839
13.2 4.96813979508
13.8 4.97493504424
14.4 4.98028115395
15.0 4.98448716729
15.6 4.9877952854
16.2 4.99039407803
16.8 4.99243509598
17.4 4.99403893002
18.0 4.99529763844
18.6 4.99629288194
19.2 4.99707685399
19.8 4.9976984171
20.4 4.99818892919
21.0 4.9985752505
21.6 4.99887882107
22.2 4.99910831161
22.8 4.99927882333
23.4 4.99940935842
24.0 4.99951956002
24.6 4.99959605611
25.2 4.99966447834
25.8 4.9997276633
26.4 4.99978135509
27.0 4.99982781389
27.6 4.99987065639
28.2 4.99990510809
28.8 4.99993415215
29.4 4.99997251257
30.0 5.00001007334
